avg: 2.80590759706, 2.80589754671
wins: 0, 1
times: 9.99, 18.64
